-2135462
-2121839
-2109269
-2107917
-2057910
-2024872
-1974034
-1923512
-1808527
-1808048
-1765042
-1734052
-1687675
-1661733
-1650359
-1554248
-1512527
-1506648
-1445307
-1441477
-1384387
-1367576
-1318176
-1189174
-1169336
-1168296
-1148429
-1128058
-1010522
-1000348
-953367
-937885
-870164
-864301
-805738
-790193
-742929
-609312
-506626
-490350
-485103
-468532
-419642
-414468
-356478
-185756
-158813
-153965
-27650
-16497
13922
15543
38093
96110
148080
235805
252303
269571
297221
307014
363137
426405
446865
461506
568826
600964
616612
723529
726431
777606
813490
823722
839266
907979
995232
1002789
1016343
1123238
1161523
1171383
1176629
1197247
1239104
1341045
1350819
1402395
1463687
1488197
1504784
1526448
1638267
1765151
1811798
1824071
1846142
1853965
1861261
1895766
1907840
1937907
