-2090479
-2083745
-2057647
-2022647
-1972194
-1929360
-1901421
-1785656
-1756511
-1727322
-1722891
-1692714
-1604736
-1604495
-1580139
-1567662
-1547675
-1531218
-1520017
-1393294
-1373558
-1364260
-1315641
-1286521
-1257752
-1221089
-1199190
-1102475
-1101048
-1092771
-1054750
-1018410
-997038
-796863
-758887
-741522
-714949
-575382
-572006
-570919
-559014
-516230
-462202
-440975
-355841
-354027
-290818
-240235
-217978
-174367
-130577
-240
46298
108367
116451
207305
233755
240214
349221
508873
625156
639450
650170
731781
812220
879665
881707
906621
909409
932492
957344
1014988
1142534
1142775
1166248
1211457
1225716
1237290
1290786
1337637
1349455
1364019
1388540
1403971
1409057
1471166
1491506
1566315
1621571
1623311
1642872
1689125
1799660
1801098
1802252
1850940
1852834
1917614
1996865
1998714
